514
481
449
464
480
490
511
526
551
563
572
573
579
585
594
602
612
623
632
656
676
697
698
705
739
786
827
841
840
843
845
850
863
881
918
943
973
987
998
1001
1007
1022
1035
1047
1042
1028
1009
999
1022
1054
1088
1117
1146
1171
1172
1166
1164
1168
1174
1166
1167
1167
1183
1198
1232
1276
1313
1332
1339
1344
1347
1348
1352
1369
1396
1415
1434
1470
1515
1548
1566
1582
1600
1608
1627
1644
1656
1679
1708
1743
1765
1780
1795
1799
1803
1809
1815
1822
1827
1823
1818
1804
1799
1794
1803
1817
1833
1853
1862
1870
1868
1874
1881
1899
1913
1927
1927
1931
1935
1933
1924
1916
1936
1969
2005
2033
2053
2089
2117
2139
2142
2124
2118
2132
2164
2190
2175
2165
2144
2153
2160
2180
2195
2207
2220
2235
2251
2271
2283
2289
2284
2278
2297
2342
2371
2380
2387
2426
2474
2513
2529
2545
2548
2558
2570
2584
2607
2620
2625
2623
2623
2636
2650
2664
2667
2672
2674
2692
2705
2698
2705
2704
2715
2704
2678
2662
2658
2699
2735
2749
2745
2749
2769
2786
2795
2800
2810
2824
2843
2856
2862
2864
2861
2870
2878
2898
2932
2979
3022
3050
3063
3075
3084
3091
3100
3107
3106
3104
3119
3145
3184
3206
3230
3236
3221
3203
3176
3171
3161
3170
3178
3185
3185
3187
3193
3194
3193
3201
3211
3228
3249
3265
3290
3306
3314
3306
3296
3306
3319
3331
3349
3356
3376
3393
3416
3427
3430
3442
3463
3485
3506
3519
3510
3501
3497
3514
3540
3560
3577
3575
3571
3572
3577
3583
3604
3648
3698
3756
3791
3832
3848
3871
3882
3893
3912
3934
3959
3970
3991
4009
4024
4051
4084
4129
4148
4161
4174
4184
4194
4203
4213
4224
4226
4241
4251
4264
4261
4257
4250
4277
4330
4393
4431
4451
4461
4468
4475
4490
4504
4513
4529
4564
4607
4628
4636
4628
4628
4628
4633
4637
4636
4624
4631
4650
4688
4707
4710
4711
4712
4686
4659
4633
4637
4669
4697
4742
4763
4789
4805
4817
4840
4863
4901
4918
4944
4957
4994
5011
5020
5013
4993
4991
5001
5043
5074
5093
5097
5105
5102
5099
5092
5094
5096
5108
5125
5115
5094
5080
5096
5145
5185
5225
5223
5211
5215
5229
5258
5268
5273
5273
5286
5303
5328
5363
5396
5426
5446
5471
5490
5498
5507
5532
5563
5595
5613
5621
5628
5643
5652
5678
5696
5735
5776
5804
5821
5816
5825
5836
5846
5857
5857
5857
5853
5860
5867
5884
5899
5945
5989
6043
6067
6088
6105
6125
6155
6186
6206
6223
6212
6208
6192
6198
6181
6162
6126
6114
6102
6104
6106
6110
6108
6109
6110
6123
6132
6141
6138
6174
6212
6262
6286
6308
6306
6304
6309
6327
6328
6331
6341
6361
6372
6385
6394
6414
6430
6438
6441
6444
6454
6470
6490
6510
6519
6526
6533
6550
6599
6650
6711
6739
6764
6768
6771
6774
6786
6805
6825
6838
6869
6899
6950
6982
7019
7040
7055
7080
7098
7118
7140
7162
7187
7198
7204
7206
7195
7183
7184
7193
7227
7248
7263
7257
7254
7259
7274
7281
7268
7242
7229
7231
7239
7239
7247
7257
7273
7286
7313
7342
7376
7384
7385
7381
7386
7396
7410
7436
7455
7470
7473
7473
7473
7476
7497
7520
7541
7544
7546
7549
7560
7571
7553
7531
7510
7522
7556
7593
7627
7644
7671
7704
7751
7792
7821
7831
7837
7848
7860
7858
7857
7867
7900
7930
7959
7981
8003
8016
8053
8090
8132
8143
8154
8176
8200
8218
8217
8214
8236
8269
8313
8338
8367
8389
8425
8440
8471
8488
8512
8543
8575
8604
8611
8623
8638
8673
8695
8716
8716
8725
8735
8746
8755
8764
8772
8780
8787
8768
8754
8751
8770
8785
8781
8774
8762
8750
8744
8746
8764
8779
8799
8812
8833
8862
8900
8934
8954
8957
8958
8963
8982
9013
9046
9086
9117
9140
9146
9147
9170
9202
9235
9233
9247
9289
9350
9389
9402
9408
9417
9441
9479
9525
9549
9562
9567
9576
9582
9585
9591
9607
9623
9638
9650
9662
9677
9688
9691
9692
9676
9662
9649
9670
9682
9680
9665
9666
9679
9685
9690
9673
9668
9671
9696
9707
9710
9716
9732
9752
9770
9778
9784
9788
9794
9803
9817
9831
9844
9849
9859
9865
9871
9888
9909
9961
9998
10029
10031
10030
10029
10028
10025
10027
10032
10041
10034
10032
10040
10064
10087
10100
10122
10128
10129
10121
10143
10173
10205
10216
10224
10208
10194
10178
10183
10188
10199
10210
10220
10227
10232
10238
10260
10285
10319
10332
10342
10341
10339
10337
10330
10342
10376
10423
10454
10466
10474
10472
10479
10483
10531
10570
10614
10626
10633
10642
10656
10679
10716
10734
10753
10747
10764
10773
10783
10792
10814
10839
10860
10895
10903
10901
10896
10917
10945
10965
10985
10999
11004
11014
11038
11055
11073
11089
11090
11085
11073
11066
11060
11052
11058
11066
11076
11080
11083
11093
11117
11143
11157
11130
11099
11068
11066
11060
11060
11060
11076
11087
11098
11097
11101
11110
11114
11123
11129
11144
11163
11180
11191
11212
11238
11268
11283
11293
11297
11292
11267
11274
11302
11370
11406
11404
11386
11370
11375
11380
11391
11400
11412
11427
11476
11518
11554
11564
11574
11587
11589
11581
11572
11571
11586
11598
11607
11618
11642
11666
11690
11709
11759
11811
11855
11871
11902
11915
11925
11913
11920
11956
11990
12027
12059
12094
12137
12170
12203
12244
12271
12294
12306
12319
12332
12341
12356
12372
12383
12382
12378
12375
12377
12383
12407
12433
12471
12508
12541
12544
12523
12509
12520
12555
12609
12654
12704
12728
12764
12807
12874
12929
12967
12980
12970
12947
12927
12932
12952
12973
13009
13030
13047
13043
13040
13034
13029
13024
13041
13072
13117
13170
13210
13235
13238
13249
13260
13272
13305
13338
13371
13387
13416
13447
13468
13474
13475
13504
13540
13580
13598
13623
13628
13640
13650
13679
13709
13735
13759
13769
13771
13776
13781
13788
13791
13813
13833
13853
13856
13861
13871
13882
13888
13904
13901
13916
13907
13917
13914
13924
13932
13931
13927
13922
13928
13944
13947
13952
13950
13976
14000
14020
14019
14016
14043
14088
14131
14151
14159
14172
14187
14197
14231
14256
14286
14291
14301
14311
14319
14322
14327
14332
14343
14352
14361
14367
14376
14385
14388
14388
14407
14419
14462
14487
14522
14526
14545
14565
14561
14543
14524
14529
14533
14538
14540
14538
14537
14540
14551
14563
14566
14566
14571
14584
14618
14646
14672
14676
14674
14674
14673
14697
14719
14739
14740
14745
14753
14762
14771
14773
14763
14749
14739
14745
14745
14748
14745
14751
14758
14771
14776
14772
14772
14785
14799
14802
14803
14813
14823
14829
14832
14851
14872
14894
14880
14852
14823
14818
14831
14827
14829
14825
14853
14872
14903
14929
14970
15018
15054
15098
15128
15164
15165
15161
15150
15150
15148
15152
15165
15202
15270
15345
15409
15443
15459
15474
15495
15495
15485
15472
15472
15507
15537
15575
15579
15578
15580
15589
15616
15645
15679
15710
15738
15751
15755
15761
15753
15744
15731
15739
15747
15765
15766
15789
15804
15826
15825
15822
15832
15847
15876
15902
15927
15941
15953
15956
15964
15967
15974
15981
16010
16040
16039
16018
16014
16057
16102
16130
16126
16132
16130
16141
16146
16158
16201
16238
16280
16288
16296
16265
16244
16226
16254
16272
16273
16264
16281
16320
16363
16380
16391
16408
16425
16448
16459
16470
16476
16502
16517
16529
16521
16526
16528
16542
16552
16568
16579
16614
16647
16669
16672
16675
16672
16666
16670
16684
16710
16729
16748
16751
16750
16760
16774
16809
16834
16859
16863
16874
16886
16898
16902
16906
16910
16912
16913
16922
16931
16977
17013
17052
17055
17062
17074
17078
17080
17072
17073
17076
17092
17107
17141
17166
17176
17173
17170
17187
17191
17201
17202
17208
17226
17243
17271
17278
17287
17288
17300
17314
17325
17304
17283
17270
17286
17300
17310
17313
17324
17327
17348
17371
17410
17436
17450
17446
17439
17437
17438
17441
17440
17455
17440
17429
17403
17405
17408
17416
17431
17452
17475
17491
17501
17507
17514
17531
17552
17582
17602
17622
17643
17668
17696
17707
17714
17717
17729
17742
17745
17745
17740
17741
17762
17803
17852
17881
17900
17914
17928
17943
17946
17949
17945
17951
17955
17958
17967
17984
18000
18006
18011
18017
18028
18040
18053
18064
18067
18068
18069
18072
18076
18080
18085
18090
18112
18123
18133
18124
18126
18128
18166
18209
18242
18251
18263
18286
18299
18304
18309
18314
18325
18338
18351
18358
18370
18389
18407
18412
18420
18428
18443
18459
18475
18505
18531
18558
18574
18578
18583
18592
18603
18612
18613
18617
18616
18614
18612
18620
18626
18635
18654
18677
18697
18715
18721
18736
18751
18777
18801
18813
18822
18827
18824
18836
18846
18866
18851
18839
18832
18847
18858
18864
18878
18898
18919
18932
18939
18943
18947
18964
18980
18997
18998
18997
19007
19014
19033
19043
19060
19068
19075
19089
19105
19121
19114
19104
19094
19091
19083
19074
19075
19081
19087
19112
19143
19194
19227
19255
19258
19263
19268
19283
19301
19319
19322
19320
19318
19323
19327
19335
19326
19333
19350
19390
19415
19417
19415
19407
19418
19451
19488
19514
19504
19494
19484
19495
19509
19513
19500
19494
19518
19569
19622
19655
19679
19700
19716
19729
19738
19752
19768
19788
19813
19833
19860
19883
19904
19905
19894
19884
19877
19894
19912
19939
19955
19967
19968
19969
19973
19983
19989
19994
20014
20026
20038
20032
20038
20073
20111
20153
20174
20192
20210
20224
20260
20290
20331
20362
20404
20431
20443
20449
20453
20462
20464
20471
20483
20501
20517
20529
20532
20513
20495
20476
20476
20472
20474
20476
20480
20484
20490
20508
20554
20601
20633
20637
20640
20649
20678
20709
20734
20736
20744
20754
20770
20791
20819
20838
20845
20848
20859
20867
20871
20878
20888
20901
20909
20928
20944
20960
20964
20974
20984
20981
20972
20961
20969
20981
20998
21013
21033
21054
21080
21105
21127
21154
21174
21193
21183
21171
21157
21151
21148
21149
21157
21164
21158
21154
21133
21129
21113
21093
21090
21095
21119
21121
21111
21108
21118
21145
21165
21171
21177
21183
21176
21167
21160
21166
21171
21174
21178
21202
21224
21252
21260
21265
21266
21270
21279
21289
21296
21277
21256
21240
21253
21267
21291
21312
21323
21307
21297
21304
21320
21324
21329
21337
21348
21343
21350
21360
21373
21374
21369
21363
21357
21349
21345
21341
21370
21396
21422
21449
21467
21515
21542
21580
21584
21610
21639
21673
21680
21684
21696
21710
21724
21737
21755
21788
21814
21831
21850
21870
21906
21907
21906
21912
21958
22004
22032
22049
22049
22046
22035
22053
22074
22092
22099
22111
22123
22130
22129
22119
22132
22141
22173
22186
22203
22207
22219
22228
22238
22240
22246
22254
22260
22262
22268
22284
22301
22310
22313
22319
22322
22324
22345
22383
22429
22472
22504
22534
22559
22586
22602
22604
22590
22578
22583
22588
22596
22591
22598
22598
22611
22623
22641
22640
22639
22632
22640
22648
22662
22665
22675
22688
22721
22747
22788
22818
22852
22870
22880
22886
22910
22945
22973
22978
22981
22993
23015
23030
23043
23059
23072
23085
23095
23106
23126
23145
23161
23170
23177
23183
23187
23180
23190
23178
23166
23155
23143
23148
23134
23132
23126
23125
23135
23139
23142
23147
23154
23174
23195
23196
23187
23175
23190
23207
23224
23211
23191
23171
23173
23204
23240
23272
23287
23295
23306
23312
23320
23328
23338
23384
23430
23467
23469
23472
23499
23529
23563
23550
23535
23513
23516
23536
23559
23582
23586
23598
23599
23621
23635
23661
23658
23652
23645
23646
23653
23661
23680
23699
23717
23757
23797
23835
23841
23843
23849
23854
23857
23859
23843
23824
23798
23793
23793
23803
23810
23818
23823
23828
23833
23830
23827
23821
23816
23813
23812
23815
23842
23889
23957
23991
24005
24015
24043
24069
24080
24083
24088
24093
24096
24100
24104
24109
24115
24133
24154
24173
24174
24168
24166
24178
24196
24219
24234
24246
24264
24303
24322
24324
24296
24300
24312
24333
24344
24352
24384
24425
24448
24448
24440
24469
24522
24570
24599
24607
24605
24603
24598
24621
24646
24682
24704
24721
24759
24801
24844
24858
24866
24873
24876
24879
24884
24889
24905
24919
24936
24943
24953
24942
24928
24911
24906
24909
24922
24943
24978
